0 0.06953125 0.10601851851851851 0.08489583333333334 0.06018518518518518
0 0.0640625 0.2625 0.08645833333333333 0.2490740740740741
1 0.07473958333333333 0.4273148148148148 0.0953125 0.08055555555555556
1 0.209375 0.43194444444444446 0.09583333333333334 0.08611111111111111
1 0.35208333333333336 0.4550925925925926 0.10104166666666667 0.08611111111111111
1 0.5072916666666667 0.4666666666666667 0.10104166666666667 0.08333333333333333
1 0.653125 0.475462962962963 0.10208333333333333 0.08055555555555556
1 0.7893229166666667 0.47638888888888886 0.0984375 0.08611111111111111
1 0.9315104166666667 0.4740740740740741 0.0921875 0.08703703703703704
1 0.14973958333333334 0.8666666666666667 0.09114583333333333 0.08518518518518518
1 0.27239583333333334 0.875462962962963 0.09583333333333334 0.0712962962962963
1 0.4049479166666667 0.875462962962963 0.09114583333333333 0.075
1 0.61953125 0.8805555555555555 0.09114583333333333 0.07777777777777778
1 0.7372395833333333 0.8837962962962963 0.09427083333333333 0.0712962962962963
1 0.8833333333333333 0.888425925925926 0.09375 0.07314814814814814
2 0.4434895833333333 0.43194444444444446 0.0359375 0.05648148148148148
2 0.8138020833333334 0.8138888888888889 0.0390625 0.05555555555555555
3 0.20104166666666667 0.2875 0.13125 0.04722222222222222
3 0.19479166666666667 0.38935185185185184 0.13541666666666666 0.15648148148148147
3 0.35078125 0.2814814814814815 0.1265625 0.03333333333333333
3 0.3502604166666667 0.31157407407407406 0.12760416666666666 0.032407407407407406
3 0.3497395833333333 0.4060185185185185 0.12552083333333333 0.1638888888888889
3 0.4973958333333333 0.33240740740740743 0.15416666666666667 0.046296296296296294
3 0.50078125 0.42592592592592593 0.15260416666666668 0.14074074074074075
3 0.6364583333333333 0.32037037037037036 0.121875 0.037037037037037035
3 0.6416666666666667 0.36342592592592593 0.12395833333333334 0.03981481481481482
3 0.6481770833333333 0.44351851851851853 0.12760416666666666 0.11481481481481481
3 0.7604166666666666 0.22314814814814815 0.11458333333333333 0.03518518518518519
3 0.7682291666666666 0.2625 0.11875 0.03611111111111111
3 0.7768229166666667 0.3013888888888889 0.11822916666666666 0.03611111111111111
3 0.78515625 0.40879629629629627 0.12239583333333333 0.1712962962962963
3 0.92109375 0.41898148148148145 0.12447916666666667 0.14907407407407408
3 0.9177083333333333 0.33287037037037037 0.12083333333333333 0.023148148148148147
3 0.9140625 0.30787037037037035 0.125 0.023148148148148147
3 0.9091145833333333 0.2833333333333333 0.1203125 0.025925925925925925
3 0.9018229166666667 0.25787037037037036 0.11927083333333334 0.023148148148148147
3 0.8520833333333333 0.6550925925925926 0.15520833333333334 0.08055555555555556
3 0.8677083333333333 0.8083333333333333 0.16458333333333333 0.22407407407407406
3 0.6088541666666667 0.812037037037037 0.16666666666666666 0.21851851851851853
3 0.60078125 0.6625 0.1578125 0.075
3 0.4205729166666667 0.6546296296296297 0.1484375 0.08333333333333333
3 0.42161458333333335 0.8060185185185185 0.14739583333333334 0.2175925925925926
3 0.14635416666666667 0.6578703703703703 0.13645833333333332 0.09537037037037037
3 0.13645833333333332 0.8041666666666667 0.140625 0.21574074074074073
4 0.5046875 0.26805555555555555 0.975 0.5157407407407407
4 0.4934895833333333 0.7273148148148149 0.9296875 0.425
5 0.21770833333333334 0.24768518518518517 0.39791666666666664 0.4898148148148148
5 0.5666666666666667 0.26342592592592595 0.3 0.5120370370370371
5 0.85078125 0.2652777777777778 0.2703125 0.5157407407407407
5 0.82421875 0.7361111111111112 0.2640625 0.3851851851851852
5 0.5177083333333333 0.7305555555555555 0.35104166666666664 0.40185185185185185
5 0.19296875 0.7162037037037037 0.30364583333333334 0.38981481481481484
6 0.17291666666666666 0.13287037037037036 0.08333333333333333 0.2601851851851852
7 0.28151041666666665 0.6972222222222222 0.0421875 0.11481481481481481
7 0.31666666666666665 0.7967592592592593 0.051041666666666666 0.21574074074074073
7 0.24427083333333333 0.7981481481481482 0.046875 0.23148148148148148
7 0.73671875 0.7185185185185186 0.06927083333333334 0.24074074074074073
