0 0.059895833333333336 0.2652777777777778 0.084375 0.25277777777777777
0 0.06927083333333334 0.10462962962962963 0.08541666666666667 0.046296296296296294
1 0.07317708333333334 0.4310185185185185 0.1015625 0.09722222222222222
1 0.21119791666666668 0.43333333333333335 0.11302083333333333 0.10740740740740741
1 0.35 0.4546296296296296 0.10520833333333333 0.09814814814814815
1 0.5091145833333334 0.47314814814814815 0.11302083333333333 0.11481481481481481
1 0.6544270833333333 0.47453703703703703 0.10885416666666667 0.10648148148148148
1 0.7872395833333333 0.4699074074074074 0.1109375 0.09907407407407408
1 0.9309895833333334 0.4699074074074074 0.10364583333333334 0.09537037037037037
1 0.8802083333333334 0.8949074074074074 0.096875 0.10462962962962963
1 0.7401041666666667 0.8944444444444445 0.10104166666666667 0.1111111111111111
1 0.6229166666666667 0.8916666666666667 0.09479166666666666 0.0962962962962963
1 0.40625 0.8777777777777778 0.10729166666666666 0.11481481481481481
1 0.2703125 0.8814814814814815 0.109375 0.1037037037037037
1 0.1515625 0.8763888888888889 0.10416666666666667 0.11388888888888889
2 0.44375 0.4287037037037037 0.04479166666666667 0.07407407407407407
2 0.81171875 0.8166666666666667 0.0390625 0.07592592592592592
3 0.19713541666666667 0.39490740740740743 0.14322916666666666 0.18055555555555555
3 0.19791666666666666 0.2884259259259259 0.14479166666666668 0.05648148148148148
3 0.34765625 0.4125 0.13072916666666667 0.17685185185185184
3 0.34817708333333336 0.3106481481481482 0.13489583333333333 0.03425925925925926
3 0.3489583333333333 0.2726851851851852 0.134375 0.04537037037037037
3 0.5013020833333334 0.43703703703703706 0.15989583333333332 0.1648148148148148
3 0.4953125 0.3277777777777778 0.159375 0.05740740740740741
3 0.64765625 0.44027777777777777 0.13489583333333333 0.11944444444444445
3 0.6403645833333333 0.362962962962963 0.1234375 0.04259259259259259
3 0.6388020833333333 0.32407407407407407 0.11614583333333334 0.05740740740740741
3 0.7872395833333333 0.4097222222222222 0.12552083333333333 0.17685185185185184
3 0.7776041666666667 0.29907407407407405 0.115625 0.04814814814814815
3 0.7692708333333333 0.26296296296296295 0.11354166666666667 0.037037037037037035
3 0.7622395833333333 0.2263888888888889 0.11614583333333334 0.04722222222222222
3 0.9216145833333333 0.4356481481481482 0.1234375 0.1824074074074074
3 0.9158854166666667 0.3314814814814815 0.12552083333333333 0.03333333333333333
3 0.9138020833333333 0.30787037037037035 0.1296875 0.041666666666666664
3 0.90625 0.2773148148148148 0.12604166666666666 0.025
3 0.90078125 0.2513888888888889 0.11822916666666666 0.028703703703703703
3 0.8661458333333333 0.8097222222222222 0.16458333333333333 0.24166666666666667
3 0.85703125 0.6509259259259259 0.1703125 0.0962962962962963
3 0.60859375 0.8083333333333333 0.17135416666666667 0.22037037037037038
3 0.60546875 0.6694444444444444 0.17135416666666667 0.1037037037037037
3 0.42109375 0.8069444444444445 0.1578125 0.21944444444444444
3 0.4197916666666667 0.649074074074074 0.16041666666666668 0.10185185185185185
3 0.13671875 0.8032407407407407 0.15260416666666668 0.2175925925925926
3 0.14635416666666667 0.6439814814814815 0.14583333333333334 0.09351851851851851
4 0.5052083333333334 0.27175925925925926 0.9895833333333334 0.5416666666666666
4 0.5015625 0.7462962962962963 0.9635416666666666 0.4203703703703704
5 0.21458333333333332 0.25925925925925924 0.4083333333333333 0.5166666666666667
5 0.5643229166666667 0.27314814814814814 0.2890625 0.5259259259259259
5 0.8471354166666667 0.26944444444444443 0.27239583333333334 0.5203703703703704
5 0.18463541666666666 0.7384259259259259 0.31197916666666664 0.4083333333333333
5 0.5205729166666667 0.7402777777777778 0.35052083333333334 0.41388888888888886
5 0.8364583333333333 0.7467592592592592 0.2760416666666667 0.41759259259259257
6 0.17838541666666666 0.13055555555555556 0.09114583333333333 0.25925925925925924
7 0.73984375 0.7268518518518519 0.06927083333333334 0.24814814814814815
7 0.31614583333333335 0.8004629629629629 0.04479166666666667 0.23425925925925925
7 0.24739583333333334 0.7717592592592593 0.052083333333333336 0.18796296296296297
7 0.2794270833333333 0.7287037037037037 0.033854166666666664 0.1925925925925926
