0 0.06692708333333333 0.26064814814814813 0.0953125 0.2564814814814815
0 0.07161458333333333 0.11018518518518519 0.08802083333333334 0.05555555555555555
1 0.07447916666666667 0.42777777777777776 0.09791666666666667 0.08888888888888889
1 0.21119791666666668 0.4305555555555556 0.09947916666666666 0.09444444444444444
1 0.35208333333333336 0.45925925925925926 0.10416666666666667 0.08703703703703704
1 0.50859375 0.4699074074074074 0.10885416666666667 0.08796296296296297
1 0.6541666666666667 0.4787037037037037 0.10416666666666667 0.08703703703703704
1 0.7895833333333333 0.4759259259259259 0.10208333333333333 0.08518518518518518
1 0.9317708333333333 0.47962962962962963 0.09375 0.09259259259259259
1 0.15234375 0.8694444444444445 0.0921875 0.08148148148148149
1 0.27317708333333335 0.8856481481481482 0.09947916666666666 0.0787037037037037
1 0.40703125 0.8759259259259259 0.10052083333333334 0.07962962962962963
1 0.6208333333333333 0.8819444444444444 0.09479166666666666 0.08611111111111111
1 0.7361979166666667 0.888425925925926 0.09322916666666667 0.07685185185185185
1 0.8833333333333333 0.8902777777777777 0.096875 0.08055555555555556
2 0.44505208333333335 0.4351851851851852 0.04010416666666667 0.05740740740740741
2 0.815625 0.8199074074074074 0.036458333333333336 0.05648148148148148
3 0.19765625 0.3939814814814815 0.14010416666666667 0.15648148148148147
3 0.20182291666666666 0.29074074074074074 0.14635416666666667 0.06111111111111111
3 0.3494791666666667 0.4134259259259259 0.13333333333333333 0.16018518518518518
3 0.3497395833333333 0.3138888888888889 0.13802083333333334 0.05
3 0.35104166666666664 0.2810185185185185 0.134375 0.041666666666666664
3 0.49921875 0.4305555555555556 0.1640625 0.15185185185185185
3 0.49765625 0.33611111111111114 0.15364583333333334 0.05925925925925926
3 0.6447916666666667 0.44305555555555554 0.13333333333333333 0.12314814814814815
3 0.6408854166666667 0.3638888888888889 0.12760416666666666 0.046296296296296294
3 0.634375 0.3194444444444444 0.128125 0.05740740740740741
3 0.78125 0.4074074074074074 0.12916666666666668 0.17962962962962964
3 0.775 0.3050925925925926 0.12916666666666668 0.06388888888888888
3 0.7666666666666667 0.26435185185185184 0.13020833333333334 0.06759259259259259
3 0.75859375 0.22685185185185186 0.1203125 0.05740740740740741
3 0.921875 0.42083333333333334 0.13229166666666667 0.14907407407407408
3 0.91875 0.3351851851851852 0.12604166666666666 0.046296296296296294
3 0.9127604166666666 0.30694444444444446 0.1265625 0.03611111111111111
3 0.9057291666666667 0.2800925925925926 0.13020833333333334 0.03981481481481482
3 0.9013020833333333 0.25787037037037036 0.12552083333333333 0.03796296296296296
3 0.13802083333333334 0.8125 0.14479166666666668 0.2175925925925926
3 0.1484375 0.662962962962963 0.15416666666666667 0.08888888888888889
3 0.42083333333333334 0.8171296296296297 0.16041666666666668 0.21574074074074073
3 0.421875 0.6648148148148149 0.15416666666666667 0.0962962962962963
3 0.6067708333333334 0.8162037037037037 0.17708333333333334 0.21388888888888888
3 0.6046875 0.6703703703703704 0.175 0.1037037037037037
3 0.8622395833333333 0.8074074074074075 0.17135416666666667 0.24259259259259258
3 0.85078125 0.6518518518518519 0.1703125 0.09074074074074075
4 0.4979166666666667 0.26944444444444443 0.9916666666666667 0.5370370370370371
4 0.490625 0.7236111111111111 0.9447916666666667 0.44907407407407407
5 0.13958333333333334 0.25092592592592594 0.278125 0.5
5 0.4309895833333333 0.2537037037037037 0.3046875 0.5055555555555555
5 0.7875 0.262037037037037 0.41458333333333336 0.5055555555555555
5 0.1875 0.7175925925925926 0.3145833333333333 0.4185185185185185
5 0.5161458333333333 0.7421296296296296 0.36666666666666664 0.3787037037037037
5 0.8302083333333333 0.749537037037037 0.28541666666666665 0.3787037037037037
6 0.17786458333333333 0.13796296296296295 0.09114583333333333 0.2740740740740741
7 0.31536458333333334 0.799537037037037 0.06302083333333333 0.21574074074074073
7 0.246875 0.7615740740740741 0.052083333333333336 0.16944444444444445
7 0.2796875 0.737037037037037 0.04791666666666667 0.19444444444444445
